2787694
4.2
10
4.8
2815574
5.1
9.46
5.5
2770221
3.1
9.46
3.7
2598404
4.9
8.02
5.2
2809084
7.4
9.73
7.6
2798788
5.7
10
6.1
2802560
3.6
9.5
4.2
2806731
8.3
10
8.5
2808418
5.1
6.76
5.3
2797319
5.5
9.46
5.9
2814649
4.9
9.46
5.4
2827310
5.1
9.59
5.5
2813638
5.5
9.91
5.9
2824004
5.7
10
6.1
2711526
2.9
0
2.6
2631076
5.9
10
6.3
2813647
7.9
9.28
8.0
2798004
1.9
9.06
2.6
2825883
5.1
10
5.6
2825161
5.3
9.73
5.7
2808730
4.2
9.73
4.8
2809150
8.1
8.65
8.2
2830263
5.7
9.46
6.1
2809272
3.6
9.73
4.2
2812925
4.6
6.49
4.8
2805708
4.9
9.84
5.4
2740961
3.8
10
4.4
2802534
2.3
5.41
2.6
2736757
5.7
9.41
6.1
2812676
7.4
8.11
7.5
2808357
8.1
9.73
8.3
2821461
5.1
5.05
5.1
2813185
5.7
5.41
5.7
2784982
4.4
9.73
4.9
2808109
5.3
10
5.8
2589706
5.3
2.7
5.0
2805346
3.4
8.81
3.9
2823177
5.7
7.93
5.9
2726180
5.1
7.09
5.3
2804316
3.6
6.98
3.9
2797578
3.4
9.73
4.0
2824464
4.9
10
5.4
2823841
6.1
10
6.5
2713710
7.4
9.77
7.6
2774417
8.7
10
8.8
2817179
6.8
5.68
6.7
2823709
4.6
9.73
5.1
2801222
4.0
10
4.6
2797464
4.0
9.62
4.6
2816977
7.6
8.65
7.7
2814741
8.1
9.46
8.2
2809067
6.6
9.73
6.9
2826447
4.9
8.11
5.2
2824997
6.6
9.59
6.9
2803492
5.7
8.65
6.0
2824027
4.4
6.49
4.6
2824293
4.2
10
4.8
2779440
4.6
1.98
4.3
2713712
2.5
9.19
3.2
2815179
4.9
10
5.4
2597802
5.9
6.76
6.0
2821342
4.9
5.68
5.0
2812854
7.9
8.38
7.9
2825580
7.6
9.19
7.8
2799394
2.7
9.46
3.4
2821956
6.4
9.73
6.7
2661107
4.6
6.76
4.8
2798949
4.6
10
5.1
2735249
4.0
8.51
4.5
2778576
2.5
5.84
2.8
2769130
5.3
9.86
5.8
2772430
4.4
9.73
4.9
2807464
4.0
8.38
4.4
2770415
6.8
7.75
6.9
2823132
4.6
8.11
5.0
2778851
5.3
8.06
5.6
2810318
6.8
10
7.1
2747952
4.9
9.48
5.4
2756750
5.7
9.46
6.1
2734699
2.3
4.86
2.6
2813695
8.1
10
8.3
2820687
6.1
10
6.5
2817443
5.5
9.73
5.9
2804512
4.9
8.22
5.2
2805072
8.1
10
8.3
2785928
3.1
7.3
3.5
2824472
7.6
8.38
7.7
2760264
4.9
9.37
5.3
2799151
3.8
10
4.4
2760970
2.9
4.86
3.1
2826159
5.1
10
5.6
2820105
6.6
6.8
6.6
2803108
7.4
9.86
7.6
2725887
6.6
10
6.9
2798005
4.2
9
4.7
2811703
5.1
4.86
5.1
2727306
5.7
8.11
5.9
2808564
4.0
6.13
4.2
2813810
5.5
8.92
5.8
2821348
5.3
9.37
5.7
2810747
5.7
9.73
6.1
2805057
7.2
9.73
7.5
2761170
4.9
9.86
5.4
2825114
3.1
9.46
3.7
2812637
4.2
5.95
4.4
2810233
1.6
8.78
2.3
2767296
4.4
9.73
4.9
2769569
7.0
9.64
7.3
2756926
5.5
8.92
5.8
2807891
2.1
3.6
2.3
2624775
2.5
10
3.3
2823161
8.5
9.95
8.6
2817391
6.4
8.38
6.6
2800474
7.2
9.73
7.5
2824626
5.7
9.46
6.1
2803123
5.7
8.92
6.0
2798375
6.1
10
6.5
2762701
4.6
8.65
5.0
2813195
8.9
9.73
9.0
2811420
4.9
8.65
5.3
2777107
5.3
8.56
5.6
2809522
7.4
9.59
7.6
2678840
3.4
8.29
3.9
2782115
2.1
9.37
2.8
2823248
8.5
9.59
8.6
2821477
4.6
9.73
5.1
2815282
7.0
10
7.3
2797567
5.5
9.46
5.9
2824700
4.9
9.73
5.4
2798053
4.2
6.7
4.5
2801307
5.9
9.86
6.3
2786947
4.2
9.89
4.8
2819061
6.4
9.46
6.7
2815070
6.1
9.41
6.4
2820168
8.3
4.05
7.9
2816439
6.4
9.64
6.7
2813083
5.7
8.38
6.0
2732219
2.5
8.65
3.1
2799443
7.4
9.73
7.6
2814439
3.8
9.46
4.4
2801260
4.9
9
5.3
2799099
5.1
8.11
5.4
2816236
4.9
7.03
5.1
2757347
2.3
9.53
3.0
2827487
3.4
9.73
4.0
2753250
3.8
6.49
4.1
2823342
7.0
10
7.3
2812471
8.3
8.11
8.3
2672656
2.7
9.59
3.4
2767291
5.9
9.59
6.3
2763455
2.3
9.55
3.0
2732003
4.0
9.73
4.6
2809903
3.1
8.65
3.7
2819712
5.7
10
6.1
2808401
4.6
8.74
5.0
2780604
4.2
8.24
4.6
2825680
5.7
9.59
6.1
2811544
7.2
9.46
7.4
2801782
6.1
10
6.5
2788310
4.6
8.29
5.0
2809337
6.8
9.73
7.1
2745397
7.9
9.32
8.0
2823979
7.4
9.19
7.6
2801979
2.3
9.46
3.0
2805804
4.9
10
5.4
2820278
5.3
9.73
5.7
2798006
4.9
9.19
5.3
2792130
5.1
9.73
5.6
2815777
6.8
5.81
6.7
2687732
2.3
5
2.6
2810510
4.2
3.78
4.2
2796409
2.7
8.2
3.3
2823478
4.0
8.83
4.5
2826344
6.6
4.86
6.4
2826245
3.1
7.24
3.5
2814680
5.1
9.91
5.6
2808818
4.2
8.05
4.6
2600369
6.1
8.11
6.3
2815337
5.9
9.41
6.3
2577229
3.8
8.84
4.3
2772152
4.6
8.92
5.0
2612770
3.1
7.97
3.6
2809793
5.7
8.38
6.0
2798950
4.6
8.65
5.0
2768088
6.4
9.5
6.7
2822684
4.2
9.19
4.7
2788995
2.7
8.65
3.3
2825255
3.1
9.37
3.7
2707356
3.8
9.89
4.4
2799648
5.7
9.32
6.1
2655482
2.9
10
3.6
2804641
6.8
5.54
6.7
2800430
6.6
8.11
6.8
2810554
5.9
9.95
6.3
2796909
4.6
8.69
5.0
2809610
6.4
9.35
6.7
2822473
2.5
8.92
3.1
2817134
9.1
9.86
9.2
2819116
7.4
9.86
7.6
2814119
4.6
8.38
5.0
2752396
7.6
7.57
7.6
2799480
8.7
6.49
8.5
2809608
7.4
10
7.7
2728238
4.6
8.65
5.0
2822166
4.0
7.89
4.4
2791659
5.7
8.65
6.0
2804244
5.5
9.73
5.9
2783076
5.3
10
5.8
2799276
4.9
10
5.4
2793914
4.0
4.41
4.0
2824613
6.8
9.73
7.1
2822527
4.0
9.89
4.6
2814253
3.6
9.73
4.2
2774262
2.5
7.16
3.0
2594900
5.3
6.04
5.4
2819777
3.8
6.22
4.0
2810983
5.7
8.78
6.0
2805986
1.0
4.19
1.3
2813335
6.6
9.95
6.9
2814143
5.3
8.92
5.7
2803212
4.0
10
4.6
2535340
2.7
10
3.4
2804888
3.6
9.59
4.2
2730458
1.0
9.37
1.8
2825950
4.9
9.59
5.4
2818462
3.8
9.19
4.3
2660259
5.5
10
6.0
2812656
4.2
9.5
4.7
2821823
7.4
8.92
7.6
2798759
8.9
10
9.0
2793456
4.2
8.65
4.6
2806931
3.6
9.19
4.2
2816227
4.9
2.97
4.7
2823482
2.1
2.7
2.2
2807328
5.3
8.65
5.6
2780957
5.1
8.33
5.4
2797531
3.8
9.14
4.3
2800217
5.5
10
6.0
2783275
4.6
9.1
5.1
2821382
7.6
9.73
7.8
2813857
5.1
8.56
5.4
2783725
2.5
10
3.3
2821499
5.9
5.59
5.9
2808197
4.6
8.33
5.0
2765065
2.5
3.51
2.6
2759690
2.9
5.14
3.1
2758990
2.5
9.73
3.2
2754540
7.2
9.46
7.4
2800048
6.4
10
6.8
2693381
1.2
7.39
1.8
2824517
5.5
6.22
5.6
2804086
7.2
10
7.5
2830673
5.7
7.57
5.9
2774592
6.1
6.94
6.2
2808108
5.9
8.65
6.2
2815032
7.6
8.65
7.7
2770523
4.0
8.02
4.4
2808449
6.4
8.65
6.6
2771157
6.1
10
6.5
2800454
3.6
10
4.2
2817231
9.6
10
9.6
2762007
7.0
8.38
7.1
2721042
5.7
9.46
6.1
2787023
2.7
0
2.4
2786327
7.4
9.46
7.6
2807080
4.6
9.59
5.1
2801127
6.4
10
6.8
2832316
6.1
4.59
5.9
2824708
7.2
9.73
7.5
2800271
5.1
4
5.0
2822943
3.1
7.03
3.5
2796845
8.1
9.73
8.3
2769993
4.2
9.73
4.8
2802044
5.3
8.92
5.7
2815516
8.7
9.46
8.8
2795295
3.8
9.41
4.4
2827585
2.3
7.84
2.9
2823982
3.1
8.11
3.6
2823958
5.9
9.19
6.2
2825353
3.1
5.41
3.3
2780988
5.9
9.86
6.3
2744634
3.8
9.46
4.4
2821479
4.9
8.73
5.3
2826507
6.4
10
6.8
2819906
7.0
6.11
6.9
2825701
6.1
9.73
6.5
2806257
6.8
6.76
6.8
2725471
5.9
10
6.3
2733464
7.0
9.73
7.3
2806314
4.2
7.43
4.5
2743741
7.0
9.1
7.2
2823771
6.6
8.65
6.8
2701824
4.0
7.24
4.3
2804447
7.0
10
7.3
2690124
8.3
10
8.5
2819928
8.5
10
8.7
2817476
5.9
10
6.3
2791848
7.6
10
7.8
2804598
5.7
8.78
6.0
2823454
5.5
9.73
5.9
2770121
8.3
9.73
8.4
2810136
2.1
7.03
2.6
2822544
4.2
9.73
4.8
2785433
5.5
9.55
5.9
2806671
4.2
7.03
4.5
2784009
5.3
7.84
5.6
2824362
7.2
9.73
7.5
2744524
6.6
9.73
6.9
2811424
5.9
7.57
6.1
2799679
5.1
7.84
5.4
2804219
6.1
8.83
6.4
2755869
4.9
8.11
5.2
2823231
4.4
4.5
4.4
2774311
4.6
9.35
5.1
2802884
6.4
9.73
6.7
2801992
3.6
9.55
4.2
2798995
6.8
9.59
7.1
2811289
1.4
5.34
1.8
2826078
5.5
8.65
5.8
2775291
4.6
4.59
4.6
2808071
5.9
10
6.3
2757246
2.1
7.01
2.6
2816622
5.3
8.92
5.7
2765603
3.6
10
4.2
2814037
7.2
10
7.5
2815359
6.8
9.73
7.1
2810934
4.4
9.46
4.9
2763914
5.7
9.05
6.0
2768996
4.4
9.86
4.9
2803176
5.9
9.46
6.3
2820250
3.4
5.77
3.6
2755136
6.4
10
6.8
2765112
6.6
10
6.9
2812640
5.5
8.38
5.8
2731364
6.4
9.73
6.7
2823481
5.9
9.46
6.3
2815563
4.6
9.64
5.1
2823558
7.0
10
7.3
2816612
8.1
10
8.3
2826711
5.3
1.89
5.0
2818687
5.9
8.15
6.1
2798783
4.9
7.03
5.1
2808325
8.1
10
8.3
2800473
4.4
9.73
4.9
2818548
5.9
10
6.3
2763218
3.8
7.93
4.2
2811558
7.6
9.23
7.8
2747195
7.4
7.57
7.4
2699978
3.4
8.65
3.9
2805037
6.1
10
6.5